image: map_remote.pgm
resolution: 0.050000
origin: [-0.800000, -0.800000, 0.000000]
negate: 0
occupied_thresh: 0.65
free_thresh: 0.196

